1 4.286859
2 1.402244
3 0.941506
4 1.021635
5 0.811298
6 0.751202
7 0.751202
8 0.761218
9 0.821314
10 0.691106
11 0.721154
12 0.701122
13 0.751202
14 0.641026
15 0.641026
16 0.620994
17 0.701122
18 0.851362
19 0.711138
20 0.610978
21 0.651042
22 0.590946
23 0.631010
24 0.631010
25 0.641026
26 0.530849
27 0.741186
28 0.590946
29 0.671074
30 0.570913
31 0.560897
32 0.580929
33 0.530849
34 0.570913
35 0.490785
36 0.590946
37 0.731170
38 0.681090
39 0.671074
40 0.651042
41 0.600962
42 0.550881
43 0.570913
44 0.580929
45 0.600962
46 0.661058
47 0.641026
48 0.580929
49 0.530849
50 0.620994
51 0.631010
52 0.721154
53 0.681090
54 0.590946
55 0.691106
56 0.570913
57 0.530849
58 0.500801
59 0.711138
60 0.550881
61 0.520833
62 0.600962
63 0.590946
64 0.490785
65 0.600962
66 0.620994
67 0.570913
68 0.580929
69 0.540865
70 0.580929
71 0.661058
72 0.560897
73 0.580929
74 0.590946
75 0.540865
76 0.530849
77 0.600962
78 0.550881
79 0.520833
80 0.560897
81 0.490785
82 0.560897
83 0.631010
84 0.490785
85 0.580929
86 0.610978
87 0.620994
88 0.560897
89 0.550881
90 0.570913
91 0.610978
92 0.570913
93 0.530849
94 0.550881
95 0.641026
96 0.500801
97 0.600962
98 0.550881
99 0.490785
100 0.600962
101 0.400641
102 0.450721
103 0.490785
104 0.480769
105 0.470753
106 0.450721
107 0.480769
108 0.450721
109 0.420673
110 0.470753
111 0.480769
112 0.500801
113 0.480769
114 0.450721
115 0.480769
116 0.450721
117 0.490785
118 0.470753
119 0.470753
120 0.440705
121 0.450721
122 0.460737
123 0.490785
124 0.450721
125 0.480769
126 0.480769
127 0.430689
128 0.470753
129 0.460737
130 0.470753
131 0.470753
132 0.470753
133 0.460737
134 0.460737
135 0.460737
136 0.450721
137 0.450721
138 0.460737
139 0.440705
140 0.470753
141 0.450721
142 0.450721
143 0.460737
144 0.440705
145 0.450721
146 0.480769
147 0.470753
148 0.460737
149 0.470753
150 0.460737
151 0.460737
152 0.480769
153 0.470753
154 0.480769
155 0.450721
156 0.450721
157 0.440705
158 0.450721
159 0.470753
160 0.440705
161 0.480769
162 0.470753
163 0.480769
164 0.480769
165 0.470753
166 0.460737
167 0.470753
168 0.490785
169 0.460737
170 0.490785
171 0.480769
172 0.460737
173 0.450721
174 0.460737
175 0.480769
176 0.460737
177 0.500801
178 0.460737
179 0.480769
180 0.440705
181 0.440705
182 0.470753
183 0.460737
184 0.500801
185 0.480769
186 0.470753
187 0.450721
188 0.450721
189 0.450721
190 0.490785
191 0.490785
192 0.460737
193 0.510817
194 0.460737
195 0.500801
196 0.490785
197 0.490785
198 0.480769
199 0.480769
200 0.460737
201 0.440705
202 0.450721
203 0.430689
204 0.430689
205 0.440705
206 0.440705
207 0.430689
208 0.440705
209 0.430689
210 0.420673
211 0.430689
212 0.420673
213 0.440705
214 0.430689
215 0.450721
216 0.440705
217 0.460737
218 0.460737
219 0.450721
220 0.440705
221 0.460737
222 0.450721
223 0.460737
224 0.450721
225 0.440705
226 0.460737
227 0.450721
228 0.450721
229 0.440705
230 0.460737
231 0.420673
232 0.440705
233 0.460737
234 0.450721
235 0.450721
236 0.440705
237 0.460737
238 0.440705
239 0.430689
240 0.450721
241 0.420673
242 0.430689
243 0.430689
244 0.430689
245 0.420673
246 0.440705
247 0.440705
248 0.440705
249 0.450721
250 0.450721
216.54m