1 2.123397
2 1.282051
3 0.901442
4 1.041667
5 0.661058
6 0.721154
7 0.681090
8 0.600962
9 0.550881
10 0.550881
11 0.661058
12 0.500801
13 0.590946
14 0.470753
15 0.530849
16 0.580929
17 0.590946
18 0.651042
19 0.641026
20 0.550881
21 0.490785
22 0.470753
23 0.460737
24 0.430689
25 0.490785
26 0.480769
27 0.470753
28 0.460737
29 0.450721
30 0.480769
31 0.460737
32 0.470753
33 0.490785
34 0.470753
35 0.500801
36 0.470753
37 0.480769
38 0.460737
39 0.470753
40 0.470753
41 0.470753
42 0.480769
43 0.470753
44 0.470753
45 0.470753
46 0.470753
47 0.460737
48 0.470753
49 0.460737
50 0.460737
51 0.470753
52 0.470753
53 0.460737
54 0.470753
